Q=[0.867806, 0.829853, 0.803233, 0.77819, 0.767705, 0.765332, 0.754, 0.744733, 0.737243, 0.729991, 0.726854, 0.721593, 0.719387, 0.715501, 0.714263, 0.713274, 0.712833, 0.710966, 0.710732, 0.711329, 0.712493, 0.713214, 0.713981, 0.714197, 0.714497, 0.714347, 0.713688, 0.713673, 0.713572, 0.713558];
T=[23, 36, 54, 69, 74, 91, 107, 107, 129, 127, 128, 140, 149, 151, 160, 167, 170, 178, 191, 191, 191, 196, 185, 183, 179, 176, 179, 168, 161, 152];
C=[70, 89, 102, 97, 100, 87, 95, 91, 85, 79, 81, 78, 127, 107, 97, 93, 63, 65, 79, 89, 79, 86, 89, 85, 79, 89, 90, 83, 84, 78];
