Q=[0.786546, 0.71568, 0.657888, 0.608454, 0.583418, 0.560688, 0.537481, 0.518286, 0.496515, 0.474342, 0.461709, 0.447702, 0.435654, 0.425082, 0.416694, 0.408578, 0.403089, 0.396281, 0.387923, 0.381415, 0.377073, 0.373072, 0.369786, 0.366884, 0.365066, 0.36349, 0.361128, 0.360079, 0.359692, 0.359585];
T=[4, 6, 10, 12, 11, 14, 16, 16, 25, 21, 18, 21, 22, 21, 22, 21, 22, 22, 26, 23, 22, 23, 19, 18, 15, 14, 14, 11, 9, 6];
