Q=[0.828626711707276, 0.8092493299175708, 0.7783009827511954, 0.7535894160044038, 0.7430501918939181, 0.7429428750866407, 0.7310346015837506, 0.7220886241339685, 0.7119776157765975, 0.7059801933753914, 0.7046465417199274, 0.7002602919361398, 0.7000735718151646, 0.6996714021822737, 0.6992620171799979, 0.6995285410468973, 0.7013330130004237, 0.699014304257788, 0.6988838420512501, 0.7003368225137141, 0.7021170481743545, 0.7032531621827073, 0.7043187023733923, 0.7049139681733095, 0.7055415650193453, 0.7054190171435528, 0.7072669003481399, 0.7072603949354979, 0.7071346577717078, 0.7071218923601605];
T=[10, 46, 27, 29, 27, 34, 43, 38, 53, 56, 49, 63, 69, 68, 69, 63, 58, 69, 78, 67, 61, 59, 51, 45, 40, 35, 45, 28, 16, 11];
C=[84, 122, 152, 170, 178, 187, 194, 202, 205, 209, 212, 211, 211, 212, 207, 210, 209, 211, 210, 217, 219, 216, 219, 223, 224, 230, 231, 232, 232, 232];
