Q=[0.81387316924865, 0.7754353588474445, 0.7349290230434943, 0.694564613478087, 0.6984764356975836, 0.6861182838429454, 0.6802831788105848, 0.6685718918636797, 0.6609335497046974, 0.66126110485142, 0.6590016363448543, 0.6534265335999226, 0.6491996874994178, 0.6469230462911785, 0.6481196508513962, 0.6483770185891042, 0.6555598948436111, 0.6527952966256759, 0.6566983229026166, 0.6586230116102769, 0.6632770283888748, 0.6638479247048793, 0.6662306154686521, 0.6656557729968224, 0.6669215746095738, 0.671596690193112, 0.6703125199318557, 0.669785538115238, 0.6701126371615417, 0.6700814427293511];
T=[20, 42, 54, 126, 281, 272, 306, 270, 310, 337, 239, 251, 236, 215, 267, 213, 281, 190, 283, 199, 229, 154, 155, 115, 130, 161, 85, 53, 44, 23];
C=[112, 141, 163, 169, 171, 168, 167, 166, 160, 154, 153, 147, 141, 135, 131, 131, 127, 126, 122, 126, 119, 120, 122, 125, 126, 132, 135, 135, 133, 132];
