Q=[0.8038483482500843, 0.76264102367674, 0.7307363216195846, 0.6848839054997711, 0.684233812946876, 0.675076027007231, 0.665062234987585, 0.6589431526586472, 0.6534215398551789, 0.6544791186164008, 0.6497064499613083, 0.6430447842042418, 0.6406415625085153, 0.6355812632162856, 0.6326151214741039, 0.6314383945561153, 0.63832717886202, 0.6367945091056506, 0.6408071952898142, 0.6451496360939534, 0.654234323944439, 0.6558996605525231, 0.6595618573035321, 0.6592534854550898, 0.6597564222343807, 0.6612726078519535, 0.660333850918522, 0.6599891039154846, 0.6601174442283676, 0.6600442313368022];
T=[12, 19, 25, 30, 32, 37, 45, 42, 50, 53, 46, 51, 53, 50, 53, 51, 57, 53, 62, 56, 56, 52, 47, 42, 38, 36, 35, 28, 24, 19];
C=[112, 152, 183, 199, 199, 192, 198, 194, 191, 174, 175, 172, 163, 159, 152, 154, 149, 149, 143, 147, 139, 139, 141, 144, 144, 147, 150, 150, 147, 146];
