Q=[0.885021, 0.935821, 0.927852, 0.930153, 0.843777, 0.844976, 0.840717, 0.811285, 0.805026, 0.798436, 0.775391, 0.76156, 0.764469, 0.753322, 0.743598, 0.735878, 0.725549, 0.695713, 0.681867, 0.678846, 0.681724, 0.683744, 0.686617, 0.687195];
T=[0, 1, 2, 0, 4, 1, 3, 5, 4, 5, 8, 6, 6, 8, 9, 10, 16, 60, 45, 40, 37, 36, 29, 23];
C=[22, 55, 64, 68, 89, 90, 97, 117, 111, 124, 127, 127, 125, 139, 138, 139, 137, 182, 178, 171, 173, 199, 193, 172];
