Q=[0.885021, 0.933766, 0.917243, 0.920033, 0.793766, 0.794586, 0.765882, 0.713139, 0.702581, 0.696611, 0.652428, 0.627009, 0.616139, 0.597266, 0.572223, 0.553193, 0.530584, 0.408181, 0.36565, 0.346785, 0.337654, 0.329277, 0.324067, 0.323309];
T=[0, 0, 0, 1, 0, 1, 0, 1, 1, 1, 1, 1, 1, 2, 1, 2, 3, 9, 8, 7, 5, 5, 3, 2];
