Q=[0.885020576131687, 0.935821243015391, 0.9279578096425118, 0.9302552544154988, 0.8421564382947043, 0.8433459687905144, 0.8385203158045199, 0.8069331176612916, 0.7981501052978908, 0.7875042675637706, 0.7561384727888344, 0.7419667357388097, 0.7430564056818858, 0.7295262473643018, 0.7223753268106998, 0.7152956068994049, 0.7100776395062652, 0.668117796227192, 0.6634624966012961, 0.6619992980407269, 0.6630532191476401, 0.6622497605259474, 0.672488466982104, 0.6732165617781336];
T=[0, 1, 1, 0, 3, 1, 2, 5, 2, 4, 5, 6, 5, 9, 10, 12, 17, 69, 47, 45, 36, 26, 28, 8];
C=[22, 55, 64, 68, 89, 91, 99, 116, 115, 132, 138, 136, 135, 147, 143, 148, 147, 180, 185, 182, 189, 183, 186, 187];
