Q=[0.8849108367626884, 0.9329569404960302, 0.9194938205453764, 0.9222282189237258, 0.823241654009499, 0.8248544993705789, 0.822975670907233, 0.792493436402407, 0.7845818169466515, 0.7802141687304164, 0.7577622466485033, 0.7455242752253446, 0.7450335042762596, 0.7335580066919875, 0.7205200444275893, 0.7117159299978416, 0.7029705272404387, 0.6833834940759039, 0.6779281976850171, 0.6794891352098342, 0.6770174414023067, 0.6748998100194319, 0.6742873070305578, 0.6748909579017064];
T=[0, 0, 1, 0, 2, 0, 1, 2, 1, 2, 2, 2, 2, 3, 4, 3, 5, 24, 18, 17, 11, 10, 6, 3];
C=[22, 54, 62, 66, 88, 90, 99, 123, 126, 145, 159, 164, 172, 191, 200, 208, 221, 274, 299, 318, 332, 338, 343, 345];
