Q=[0.885020576131687, 0.935821243015391, 0.928192232874, 0.9304468070826949, 0.8426996367405047, 0.8438316765172424, 0.8406319481324358, 0.7931682674962054, 0.7846223833231424, 0.7735797311838571, 0.7424563398882201, 0.7209475615500799, 0.7227882400670411, 0.7113332247183869, 0.6981973385214829, 0.6823658066261746, 0.6686024494718319, 0.6084296931162958, 0.5889360784812655, 0.6136440549322018, 0.619062471629458, 0.6236592544758975, 0.6723903232357406, 0.6727946307708756];
T=[1, 0, 1, 0, 3, 0, 2, 3, 1, 2, 4, 2, 3, 4, 4, 4, 6, 22, 17, 16, 11, 11, 10, 4];
C=[22, 55, 65, 69, 90, 92, 100, 118, 114, 131, 138, 137, 136, 147, 147, 152, 149, 181, 185, 183, 188, 185, 187, 188];
